% IRI ionosphere for January 2011, somewhere over US

function ne = IRIionosphere1(alt)

% Required input parameters
% Year= 2011., Month= 01, Day= 01, Hour=1.,
% Time_type = Local
% Coordinate_type = Geographic
% Latitude= 40., Longitude= 260., Height= 100.
% Prof. parameters: Start= 60. Stop= 400. Step= 1.

% Optional input parameters:
% Sunspot number(Rz12) =not specifyed
% Ionospheric index(IG12) =not specifyed
% Upper limit for Electron content = not specifyed
% F peak model = URSI
% Ne Topside = NeQuick
% foF2 Storm model = on
% Bottomside Thickness = B0 Table
% F1 occurrence probability = Scotto-1997 no L
% D-Region Ne = IRI-95
% Topside Te = TTSA-2000
% Ion Composition = DS95/TT05
% A value of -1 indicates that the parameter is not available for the specified range
% TEC=-1, means you have not entered an upper boundary height in the OPTIONAL INPUT section.
%    Selected parameters are:
% 1 Height, km
% 2 Electron_density_Ne, m-3
% 3 Ratio_of_Ne_to_NmF2

%       1            2      3
A = [60.00 -0.10000E+01 -1.000;
    61.00 -0.10000E+01 -1.000;
    62.00 -0.10000E+01 -1.000;
    63.00 -0.10000E+01 -1.000;
    64.00 -0.10000E+01 -1.000;
    65.00 -0.10000E+01 -1.000;
    66.00 -0.10000E+01 -1.000;
    67.00 -0.10000E+01 -1.000;
    68.00 -0.10000E+01 -1.000;
    69.00 -0.10000E+01 -1.000;
    70.00 -0.10000E+01 -1.000;
    71.00 -0.10000E+01 -1.000;
    72.00 -0.10000E+01 -1.000;
    73.00 -0.10000E+01 -1.000;
    74.00 -0.10000E+01 -1.000;
    75.00 -0.10000E+01 -1.000;
    76.00 -0.10000E+01 -1.000;
    77.00 -0.10000E+01 -1.000;
    78.00 -0.10000E+01 -1.000;
    79.00 -0.10000E+01 -1.000;
    80.00  0.61318E+06  0.000;
    81.00  0.47953E+07  0.000;
    82.00  0.22780E+08  0.000;
    83.00  0.70588E+08  0.001;
    84.00  0.15319E+09  0.002;
    85.00  0.25002E+09  0.003;
    86.00  0.32951E+09  0.004;
    87.00  0.37655E+09  0.004;
    88.00  0.40062E+09  0.005;
    89.00  0.42466E+09  0.005;
    90.00  0.47408E+09  0.006;
    91.00  0.58754E+09  0.007;
    92.00  0.85209E+09  0.010;
    93.00  0.11914E+10  0.014;
    94.00  0.13758E+10  0.016;
    95.00  0.15390E+10  0.018;
    96.00  0.16770E+10  0.020;
    97.00  0.17888E+10  0.021;
    98.00  0.18758E+10  0.022;
    99.00  0.19407E+10  0.023;
    100.00  0.19872E+10  0.024;
    101.00  0.20190E+10  0.024;
    102.00  0.20397E+10  0.024;
    103.00  0.20523E+10  0.024;
    104.00  0.20595E+10  0.025;
    105.00  0.20632E+10  0.025;
    106.00  0.20649E+10  0.025;
    107.00  0.20655E+10  0.025;
    108.00  0.20657E+10  0.025;
    109.00  0.20657E+10  0.025;
    110.00  0.20657E+10  0.025;
    111.00  0.20457E+10  0.024;
    112.00  0.19902E+10  0.024;
    113.00  0.19069E+10  0.023;
    114.00  0.18037E+10  0.021;
    115.00  0.16879E+10  0.020;
    116.00  0.15658E+10  0.019;
    117.00  0.14427E+10  0.017;
    118.00  0.13225E+10  0.016;
    119.00  0.12082E+10  0.014;
    120.00  0.11015E+10  0.013;
    121.00  0.10036E+10  0.012;
    122.00  0.91488E+09  0.011;
    123.00  0.83540E+09  0.010;
    124.00  0.76483E+09  0.009;
    125.00  0.70267E+09  0.008;
    126.00  0.64832E+09  0.008;
    127.00  0.60113E+09  0.007;
    128.00  0.56043E+09  0.007;
    129.00  0.52560E+09  0.006;
    130.00  0.49607E+09  0.006;
    131.00  0.47131E+09  0.006;
    132.00  0.45086E+09  0.005;
    133.00  0.43432E+09  0.005;
    134.00  0.42134E+09  0.005;
    135.00  0.41165E+09  0.005;
    136.00  0.40501E+09  0.005;
    137.00  0.40122E+09  0.005;
    138.00  0.40015E+09  0.005;
    139.00  0.40169E+09  0.005;
    140.00  0.40575E+09  0.005;
    141.00  0.41231E+09  0.005;
    142.00  0.42132E+09  0.005;
    143.00  0.43280E+09  0.005;
    144.00  0.44675E+09  0.005;
    145.00  0.46321E+09  0.006;
    146.00  0.48221E+09  0.006;
    147.00  0.50379E+09  0.006;
    148.00  0.52800E+09  0.006;
    149.00  0.55485E+09  0.007;
    150.00  0.58438E+09  0.007;
    151.00  0.61659E+09  0.007;
    152.00  0.65146E+09  0.008;
    153.00  0.68895E+09  0.008;
    154.00  0.72901E+09  0.009;
    155.00  0.77152E+09  0.009;
    156.00  0.81638E+09  0.010;
    157.00  0.86343E+09  0.010;
    158.00  0.91249E+09  0.011;
    159.00  0.96339E+09  0.011;
    160.00  0.10159E+10  0.012;
    161.00  0.10699E+10  0.013;
    162.00  0.11252E+10  0.013;
    163.00  0.11817E+10  0.014;
    164.00  0.12393E+10  0.015;
    165.00  0.12980E+10  0.015;
    166.00  0.13581E+10  0.016;
    167.00  0.14198E+10  0.017;
    168.00  0.14836E+10  0.018;
    169.00  0.15502E+10  0.018;
    170.00  0.16206E+10  0.019;
    171.00  0.16960E+10  0.020;
    172.00  0.17782E+10  0.021;
    173.00  0.18693E+10  0.022;
    174.00  0.19722E+10  0.024;
    175.00  0.20884E+10  0.025;
    176.00  0.22080E+10  0.026;
    177.00  0.23344E+10  0.028;
    178.00  0.24679E+10  0.029;
    179.00  0.26090E+10  0.031;
    180.00  0.27581E+10  0.033;
    181.00  0.29157E+10  0.035;
    182.00  0.30822E+10  0.037;
    183.00  0.32581E+10  0.039;
    184.00  0.34440E+10  0.041;
    185.00  0.36405E+10  0.043;
    186.00  0.38480E+10  0.046;
    187.00  0.40674E+10  0.048;
    188.00  0.42992E+10  0.051;
    189.00  0.45442E+10  0.054;
    190.00  0.48030E+10  0.057;
    191.00  0.50766E+10  0.060;
    192.00  0.53657E+10  0.064;
    193.00  0.56713E+10  0.068;
    194.00  0.59943E+10  0.071;
    195.00  0.63357E+10  0.076;
    196.00  0.66965E+10  0.080;
    197.00  0.70780E+10  0.084;
    198.00  0.74812E+10  0.089;
    199.00  0.79076E+10  0.094;
    200.00  0.83584E+10  0.100;
    201.00  0.88351E+10  0.105;
    202.00  0.93393E+10  0.111;
    203.00  0.98725E+10  0.118;
    204.00  0.10437E+11  0.124;
    205.00  0.11033E+11  0.131;
    206.00  0.11665E+11  0.139;
    207.00  0.12330E+11  0.147;
    208.00  0.13020E+11  0.155;
    209.00  0.13737E+11  0.164;
    210.00  0.14481E+11  0.173;
    211.00  0.15250E+11  0.182;
    212.00  0.16047E+11  0.191;
    213.00  0.16869E+11  0.201;
    214.00  0.17719E+11  0.211;
    215.00  0.18594E+11  0.222;
    216.00  0.19496E+11  0.232;
    217.00  0.20423E+11  0.243;
    218.00  0.21376E+11  0.255;
    219.00  0.22354E+11  0.266;
    220.00  0.23356E+11  0.278;
    221.00  0.24383E+11  0.291;
    222.00  0.25433E+11  0.303;
    223.00  0.26506E+11  0.316;
    224.00  0.27601E+11  0.329;
    225.00  0.28718E+11  0.342;
    226.00  0.29854E+11  0.356;
    227.00  0.31010E+11  0.370;
    228.00  0.32185E+11  0.384;
    229.00  0.33376E+11  0.398;
    230.00  0.34584E+11  0.412;
    231.00  0.35807E+11  0.427;
    232.00  0.37043E+11  0.441;
    233.00  0.38291E+11  0.456;
    234.00  0.39550E+11  0.471;
    235.00  0.40819E+11  0.486;
    236.00  0.42095E+11  0.502;
    237.00  0.43378E+11  0.517;
    238.00  0.44665E+11  0.532;
    239.00  0.45956E+11  0.548;
    240.00  0.47248E+11  0.563;
    241.00  0.48540E+11  0.578;
    242.00  0.49830E+11  0.594;
    243.00  0.51116E+11  0.609;
    244.00  0.52397E+11  0.624;
    245.00  0.53671E+11  0.640;
    246.00  0.54936E+11  0.655;
    247.00  0.56191E+11  0.670;
    248.00  0.57433E+11  0.684;
    249.00  0.58662E+11  0.699;
    250.00  0.59875E+11  0.714;
    251.00  0.61071E+11  0.728;
    252.00  0.62248E+11  0.742;
    253.00  0.63405E+11  0.756;
    254.00  0.64539E+11  0.769;
    255.00  0.65651E+11  0.782;
    256.00  0.66737E+11  0.795;
    257.00  0.67797E+11  0.808;
    258.00  0.68830E+11  0.820;
    259.00  0.69834E+11  0.832;
    260.00  0.70808E+11  0.844;
    261.00  0.71750E+11  0.855;
    262.00  0.72661E+11  0.866;
    263.00  0.73539E+11  0.876;
    264.00  0.74383E+11  0.886;
    265.00  0.75192E+11  0.896;
    266.00  0.75965E+11  0.905;
    267.00  0.76703E+11  0.914;
    268.00  0.77404E+11  0.922;
    269.00  0.78069E+11  0.930;
    270.00  0.78696E+11  0.938;
    271.00  0.79286E+11  0.945;
    272.00  0.79838E+11  0.951;
    273.00  0.80353E+11  0.958;
    274.00  0.80831E+11  0.963;
    275.00  0.81271E+11  0.969;
    276.00  0.81675E+11  0.973;
    277.00  0.82042E+11  0.978;
    278.00  0.82373E+11  0.982;
