% IRI ionosphere for January 2011, somewhere over US

function ne = IRIionosphere1(alt)

% Required input parameters 
% Year= 2008., Month= 04, Day= 01, Hour=1.5, 
% Time_type = Local
% Coordinate_type = Geographic
% Latitude= 25., Longitude= 200., Height= 100.
% Prof. parameters: Start= 60. Stop= 400. Step= 1. 

% Optional input parameters: 
% Sunspot number(Rz12) =not specifyed 
% Ionospheric index(IG12) =not specifyed 
% Upper limit for Electron content = not specifyed 
% F peak model = URSI 
% Ne Topside = NeQuick 
% foF2 Storm model = on 
% Bottomside Thickness = B0 Table 
% F1 occurrence probability = Scotto-1997 no L 
% D-Region Ne = IRI-95 
% Topside Te = TTSA-2000 
% Ion Composition = DS95/TT05 
% A value of -1 indicates that the parameter is not available for the specified range
% TEC=-1, means you have not entered an upper boundary height in the OPTIONAL INPUT section.
%    Selected parameters are:
% 1 Height, km
% 2 Electron_density_Ne, m-3
% 3 Ratio_of_Ne_to_NmF2

%       1            2      3
A = [60.00 -0.10000E+01 -1.000;
   61.00 -0.10000E+01 -1.000;
   62.00 -0.10000E+01 -1.000;
   63.00 -0.10000E+01 -1.000;
   64.00 -0.10000E+01 -1.000;
   65.00 -0.10000E+01 -1.000;
   66.00 -0.10000E+01 -1.000;
   67.00 -0.10000E+01 -1.000;
   68.00 -0.10000E+01 -1.000;
   69.00 -0.10000E+01 -1.000;
   70.00 -0.10000E+01 -1.000;
   71.00 -0.10000E+01 -1.000;
   72.00 -0.10000E+01 -1.000;
   73.00 -0.10000E+01 -1.000;
   74.00 -0.10000E+01 -1.000;
   75.00 -0.10000E+01 -1.000;
   76.00 -0.10000E+01 -1.000;
   77.00 -0.10000E+01 -1.000;
   78.00 -0.10000E+01 -1.000;
   79.00 -0.10000E+01 -1.000;
   80.00  0.17486E+07  0.000;
   81.00  0.99748E+07  0.000;
   82.00  0.37088E+08  0.000;
   83.00  0.95674E+08  0.001;
   84.00  0.18226E+09  0.002;
   85.00  0.27294E+09  0.003;
   86.00  0.34198E+09  0.003;
   87.00  0.38161E+09  0.004;
   88.00  0.40369E+09  0.004;
   89.00  0.42975E+09  0.004;
   90.00  0.48573E+09  0.005;
   91.00  0.61438E+09  0.006;
   92.00  0.91669E+09  0.009;
   93.00  0.11669E+10  0.011;
   94.00  0.12706E+10  0.012;
   95.00  0.13577E+10  0.013;
   96.00  0.14284E+10  0.014;
   97.00  0.14840E+10  0.014;
   98.00  0.15262E+10  0.015;
   99.00  0.15572E+10  0.015;
  100.00  0.15792E+10  0.015;
  101.00  0.15940E+10  0.016;
  102.00  0.16037E+10  0.016;
  103.00  0.16096E+10  0.016;
  104.00  0.16129E+10  0.016;
  105.00  0.16146E+10  0.016;
  106.00  0.16154E+10  0.016;
  107.00  0.16157E+10  0.016;
  108.00  0.16158E+10  0.016;
  109.00  0.16158E+10  0.016;
  110.00  0.16158E+10  0.016;
  111.00  0.16007E+10  0.016;
  112.00  0.15589E+10  0.015;
  113.00  0.14962E+10  0.015;
  114.00  0.14182E+10  0.014;
  115.00  0.13307E+10  0.013;
  116.00  0.12381E+10  0.012;
  117.00  0.11446E+10  0.011;
  118.00  0.10530E+10  0.010;
  119.00  0.96567E+09  0.009;
  120.00  0.88392E+09  0.009;
  121.00  0.80866E+09  0.008;
  122.00  0.74028E+09  0.007;
  123.00  0.67884E+09  0.007;
  124.00  0.62415E+09  0.006;
  125.00  0.57588E+09  0.006;
  126.00  0.53359E+09  0.005;
  127.00  0.49683E+09  0.005;
  128.00  0.46511E+09  0.005;
  129.00  0.43799E+09  0.004;
  130.00  0.41504E+09  0.004;
  131.00  0.39587E+09  0.004;
  132.00  0.38015E+09  0.004;
  133.00  0.36758E+09  0.004;
  134.00  0.35791E+09  0.003;
  135.00  0.35094E+09  0.003;
  136.00  0.34651E+09  0.003;
  137.00  0.34447E+09  0.003;
  138.00  0.34475E+09  0.003;
  139.00  0.34726E+09  0.003;
  140.00  0.35199E+09  0.003;
  141.00  0.35891E+09  0.003;
  142.00  0.36805E+09  0.004;
  143.00  0.37942E+09  0.004;
  144.00  0.39309E+09  0.004;
  145.00  0.40911E+09  0.004;
  146.00  0.42755E+09  0.004;
  147.00  0.44851E+09  0.004;
  148.00  0.47206E+09  0.005;
  149.00  0.49829E+09  0.005;
  150.00  0.52730E+09  0.005;
  151.00  0.55915E+09  0.005;
  152.00  0.59392E+09  0.006;
  153.00  0.63166E+09  0.006;
  154.00  0.67242E+09  0.007;
  155.00  0.71621E+09  0.007;
  156.00  0.76306E+09  0.007;
  157.00  0.81295E+09  0.008;
  158.00  0.86586E+09  0.008;
  159.00  0.92178E+09  0.009;
  160.00  0.98067E+09  0.010;
  161.00  0.10425E+10  0.010;
  162.00  0.11074E+10  0.011;
  163.00  0.11754E+10  0.011;
  164.00  0.12466E+10  0.012;
  165.00  0.13213E+10  0.013;
  166.00  0.13999E+10  0.014;
  167.00  0.14831E+10  0.014;
  168.00  0.15715E+10  0.015;
  169.00  0.16570E+10  0.016;
  170.00  0.17387E+10  0.017;
  171.00  0.18247E+10  0.018;
  172.00  0.19151E+10  0.019;
  173.00  0.20103E+10  0.020;
  174.00  0.21104E+10  0.021;
  175.00  0.22157E+10  0.022;
  176.00  0.23266E+10  0.023;
  177.00  0.24433E+10  0.024;
  178.00  0.25663E+10  0.025;
  179.00  0.26958E+10  0.026;
  180.00  0.28322E+10  0.028;
  181.00  0.29760E+10  0.029;
  182.00  0.31276E+10  0.030;
  183.00  0.32874E+10  0.032;
  184.00  0.34560E+10  0.034;
  185.00  0.36338E+10  0.035;
  186.00  0.38215E+10  0.037;
  187.00  0.40197E+10  0.039;
  188.00  0.42290E+10  0.041;
  189.00  0.44501E+10  0.043;
  190.00  0.46839E+10  0.046;
  191.00  0.49310E+10  0.048;
  192.00  0.51925E+10  0.051;
  193.00  0.54692E+10  0.053;
  194.00  0.57622E+10  0.056;
  195.00  0.60727E+10  0.059;
  196.00  0.64018E+10  0.062;
  197.00  0.67509E+10  0.066;
  198.00  0.71215E+10  0.069;
  199.00  0.75151E+10  0.073;
  200.00  0.79335E+10  0.077;
  201.00  0.83786E+10  0.082;
  202.00  0.88526E+10  0.086;
  203.00  0.93577E+10  0.091;
  204.00  0.98967E+10  0.096;
  205.00  0.10472E+11  0.102;
  206.00  0.11086E+11  0.108;
  207.00  0.11728E+11  0.114;
  208.00  0.12398E+11  0.121;
  209.00  0.13094E+11  0.128;
  210.00  0.13818E+11  0.135;
  211.00  0.14570E+11  0.142;
  212.00  0.15351E+11  0.150;
  213.00  0.16160E+11  0.157;
  214.00  0.16998E+11  0.166;
  215.00  0.17865E+11  0.174;
  216.00  0.18761E+11  0.183;
  217.00  0.19687E+11  0.192;
  218.00  0.20641E+11  0.201;
  219.00  0.21625E+11  0.211;
  220.00  0.22638E+11  0.221;
  221.00  0.23679E+11  0.231;
  222.00  0.24749E+11  0.241;
  223.00  0.25848E+11  0.252;
  224.00  0.26974E+11  0.263;
  225.00  0.28128E+11  0.274;
  226.00  0.29308E+11  0.286;
  227.00  0.30515E+11  0.297;
  228.00  0.31748E+11  0.309;
  229.00  0.33006E+11  0.322;
  230.00  0.34287E+11  0.334;
  231.00  0.35592E+11  0.347;
  232.00  0.36919E+11  0.360;
  233.00  0.38267E+11  0.373;
  234.00  0.39636E+11  0.386;
  235.00  0.41023E+11  0.400;
  236.00  0.42428E+11  0.413;
  237.00  0.43850E+11  0.427;
  238.00  0.45287E+11  0.441;
  239.00  0.46737E+11  0.455;
  240.00  0.48200E+11  0.470;
  241.00  0.49674E+11  0.484;
  242.00  0.51157E+11  0.498;
  243.00  0.52647E+11  0.513;
  244.00  0.54143E+11  0.528;
  245.00  0.55644E+11  0.542;
  246.00  0.57147E+11  0.557;
  247.00  0.58651E+11  0.571;
  248.00  0.60154E+11  0.586;
  249.00  0.61654E+11  0.601;
  250.00  0.63150E+11  0.615;
  251.00  0.64639E+11  0.630;
  252.00  0.66120E+11  0.644;
  253.00  0.67591E+11  0.659;
  254.00  0.69050E+11  0.673;
  255.00  0.70496E+11  0.687;
  256.00  0.71925E+11  0.701;
  257.00  0.73338E+11  0.715;
  258.00  0.74732E+11  0.728;
  259.00  0.76105E+11  0.741;
  260.00  0.77455E+11  0.755;
  261.00  0.78782E+11  0.768;
  262.00  0.80083E+11  0.780;
  263.00  0.81357E+11  0.793;
  264.00  0.82602E+11  0.805;
  265.00  0.83817E+11  0.817;
  266.00  0.85000E+11  0.828;
  267.00  0.86151E+11  0.839;
  268.00  0.87268E+11  0.850;
  269.00  0.88350E+11  0.861;
  270.00  0.89395E+11  0.871;
  271.00  0.90404E+11  0.881;
  272.00  0.91374E+11  0.890;
  273.00  0.92305E+11  0.899;
  274.00  0.93197E+11  0.908;
  275.00  0.94049E+11  0.916;
  276.00  0.94859E+11  0.924;
  277.00  0.95629E+11  0.932;
  278.00  0.96357E+11  0.939;
  279.00  0.97044E+11  0.945;
  280.00  0.97688E+11  0.952;
  281.00  0.98290E+11  0.958;
  282.00  0.98851E+11  0.963;
  283.00  0.99370E+11  0.968;
  284.00  0.99848E+11  0.973;
  285.00  0.10028E+12  0.977;
  286.00  0.10068E+12  0.981;
  287.00  0.10104E+12  0.984;
  288.00  0.10135E+12  0.987;
  289.00  0.10163E+12  0.990;
  290.00  0.10187E+12  0.993;
  291.00  0.10208E+12  0.995;
